Disability_remembering,Age_Under_1,Age_1,Age_2,Age_3,Age_4,Age_5,Age_6,Age_7,Age_8,Age_9,Age_10,Age_11,Age_12,Age_13,Age_14,Age_15,Age_16,Age_17,Age_18,Age_19,Age_20,Age_21,Age_22,Age_23,Age_24,Age_25,Age_26,Age_27,Age_28,Age_29,Age_30,Age_31,Age_32,Age_33,Age_34,Age_35,Age_36,Age_37,Age_38,Age_39,Age_40,Age_41,Age_42,Age_43,Age_44,Age_45,Age_46,Age_47,Age_48,Age_49,Age_50,Age_51,Age_52,Age_53,Age_54,Age_55,Age_56,Age_57,Age_58,Age_59,Age_60,Age_61,Age_62,Age_63,Age_64,Age_65,Age_66,Age_67,Age_68,Age_69,Age_70,Age_71,Age_72,Age_73,Age_74,Age_75,Age_76,Age_77,Age_78,Age_79,Age_80,Age_81,Age_82,Age_83,Age_84,Age_85,Age_86,Age_87,Age_88,Age_89,Age_90_and_above,Age_Total,Township,MIMU_code
 No - no difficulty,3941,4734,4850,5447,5323,5286,5257,5250,5115,4800,5709,4938,5474,5377,5239,4571,3485,3117,3490,2685,3536,2699,2947,2937,2400,3049,2519,2710,2899,2236,3597,2288,2775,2746,2352,3391,2400,2498,3063,2338,3561,2133,2988,2744,2419,3457,2357,2266,2578,1884,3319,1815,2156,2178,1836,2564,1978,1525,1564,1105,2445,1023,1255,1186,951,1559,803,1008,709,398,1220,348,491,545,387,761,342,267,398,139,425,129,167,174,130,175,91,90,50,46,201,213808,Kawkareik,MMR003006
 Yes - some difficulty,168,86,76,57,24,22,23,33,20,18,16,14,23,14,15,13,15,14,22,3,19,10,9,7,5,11,10,11,17,13,24,12,15,19,23,24,23,27,20,27,53,19,45,39,37,57,45,48,66,28,77,34,62,78,57,101,75,59,79,47,185,52,68,98,83,154,64,105,86,59,198,50,97,89,80,176,77,49,98,32,133,30,52,63,39,59,24,30,19,14,86,4557,Kawkareik,MMR003006
 Yes - a lot of difficulty,57,27,30,26,10,13,5,13,9,4,11,9,8,13,6,6,7,6,12,12,9,5,10,4,4,4,3,9,2,7,13,7,2,11,9,16,6,8,10,14,24,10,12,5,8,20,13,6,14,6,25,11,12,11,12,29,7,12,14,5,31,9,9,11,13,23,17,13,16,8,46,8,11,16,15,39,18,11,20,9,37,13,15,14,13,18,14,9,7,10,47,1233,Kawkareik,MMR003006
 Yes - cannot remember/concentrate at all,43,10,13,7,9,5,9,11,12,5,13,14,11,6,8,12,6,3,7,4,5,6,8,2,3,10,8,5,5,2,13,5,4,8,8,15,1,8,8,4,9,8,10,7,4,9,6,6,5,3,16,1,9,4,8,17,7,2,4,3,21,5,9,8,7,6,8,10,2,3,16,3,9,10,8,11,2,8,7,3,26,4,7,9,9,10,2,9,5,7,26,744,Kawkareik,MMR003006
 Total,4209,4857,4969,5537,5366,5326,5294,5307,5156,4827,5749,4975,5516,5410,5268,4602,3513,3140,3531,2704,3569,2720,2974,2950,2412,3074,2540,2735,2923,2258,3647,2312,2796,2784,2392,3446,2430,2541,3101,2383,3647,2170,3055,2795,2468,3543,2421,2326,2663,1921,3437,1861,2239,2271,1913,2711,2067,1598,1661,1160,2682,1089,1341,1303,1054,1742,892,1136,813,468,1480,409,608,660,490,987,439,335,523,183,621,176,241,260,191,262,131,138,81,77,360,220342,Kawkareik,MMR003006
