Disability_walking,Age_Under_1,Age_1,Age_2,Age_3,Age_4,Age_5,Age_6,Age_7,Age_8,Age_9,Age_10,Age_11,Age_12,Age_13,Age_14,Age_15,Age_16,Age_17,Age_18,Age_19,Age_20,Age_21,Age_22,Age_23,Age_24,Age_25,Age_26,Age_27,Age_28,Age_29,Age_30,Age_31,Age_32,Age_33,Age_34,Age_35,Age_36,Age_37,Age_38,Age_39,Age_40,Age_41,Age_42,Age_43,Age_44,Age_45,Age_46,Age_47,Age_48,Age_49,Age_50,Age_51,Age_52,Age_53,Age_54,Age_55,Age_56,Age_57,Age_58,Age_59,Age_60,Age_61,Age_62,Age_63,Age_64,Age_65,Age_66,Age_67,Age_68,Age_69,Age_70,Age_71,Age_72,Age_73,Age_74,Age_75,Age_76,Age_77,Age_78,Age_79,Age_80,Age_81,Age_82,Age_83,Age_84,Age_85,Age_86,Age_87,Age_88,Age_89,Age_90_and_above,Age_Total,Township,MIMU_code
 No - no difficulty,6151,6325,6707,7563,7908,8226,7062,6901,6520,6705,6927,6608,7066,7033,6523,6108,5190,5540,5852,5139,6279,4650,4821,4899,4576,6053,4747,5106,5520,4941,6303,4708,4818,4910,4001,5707,3927,3946,4437,4153,4841,3200,4403,3547,3396,4327,3436,3127,3452,2854,3624,2537,2632,2947,2345,3051,2263,2004,2127,1776,2276,1553,1487,1438,1092,1438,915,908,653,493,768,402,466,443,388,665,307,263,318,149,246,161,168,151,115,135,67,57,44,33,122,310166,Bogale,MMR017024
 Yes - some difficulty,105,139,62,49,47,49,33,36,37,33,40,42,28,33,40,32,31,29,40,34,40,31,31,25,35,38,26,39,45,32,57,51,54,61,51,67,55,47,79,55,98,73,101,106,103,141,141,126,163,127,196,154,195,200,176,266,221,202,213,216,279,222,227,201,186,243,179,186,142,100,189,102,126,104,121,220,141,100,104,63,145,73,83,83,65,84,54,31,24,12,58,9023,Bogale,MMR017024
 Yes - a lot of difficulty,75,33,40,30,18,28,18,27,19,14,24,13,14,19,18,16,10,11,6,11,16,8,10,11,14,10,8,9,6,11,22,9,12,12,7,15,17,11,15,11,13,15,24,14,20,34,19,25,32,27,27,28,33,45,32,47,38,27,33,43,55,43,31,51,45,55,35,37,38,23,54,17,40,43,44,69,31,32,41,23,44,33,35,31,29,33,20,18,18,11,48,2381,Bogale,MMR017024
 Yes - cannot walk at all,64,21,16,16,21,20,11,12,7,10,7,9,7,9,8,5,7,6,11,6,5,5,2,5,7,11,5,4,8,7,5,5,6,5,3,7,8,7,5,5,15,7,1,7,7,11,11,6,8,11,3,14,6,13,16,14,9,14,17,12,22,14,15,19,14,18,10,12,10,16,18,17,16,15,9,26,16,10,22,17,20,14,22,16,27,21,15,11,8,3,32,1095,Bogale,MMR017024
 Total,6395,6518,6825,7658,7994,8323,7124,6976,6583,6762,6998,6672,7115,7094,6589,6161,5238,5586,5909,5190,6340,4694,4864,4940,4632,6112,4786,5158,5579,4991,6387,4773,4890,4988,4062,5796,4007,4011,4536,4224,4967,3295,4529,3674,3526,4513,3607,3284,3655,3019,3850,2733,2866,3205,2569,3378,2531,2247,2390,2047,2632,1832,1760,1709,1337,1754,1139,1143,843,632,1029,538,648,605,562,980,495,405,485,252,455,281,308,281,236,273,156,117,94,59,260,322665,Bogale,MMR017024
