Disability_walking,Age_Under_1,Age_1,Age_2,Age_3,Age_4,Age_5,Age_6,Age_7,Age_8,Age_9,Age_10,Age_11,Age_12,Age_13,Age_14,Age_15,Age_16,Age_17,Age_18,Age_19,Age_20,Age_21,Age_22,Age_23,Age_24,Age_25,Age_26,Age_27,Age_28,Age_29,Age_30,Age_31,Age_32,Age_33,Age_34,Age_35,Age_36,Age_37,Age_38,Age_39,Age_40,Age_41,Age_42,Age_43,Age_44,Age_45,Age_46,Age_47,Age_48,Age_49,Age_50,Age_51,Age_52,Age_53,Age_54,Age_55,Age_56,Age_57,Age_58,Age_59,Age_60,Age_61,Age_62,Age_63,Age_64,Age_65,Age_66,Age_67,Age_68,Age_69,Age_70,Age_71,Age_72,Age_73,Age_74,Age_75,Age_76,Age_77,Age_78,Age_79,Age_80,Age_81,Age_82,Age_83,Age_84,Age_85,Age_86,Age_87,Age_88,Age_89,Age_90_and_above,Age_Total,Township,MIMU_code
 No - no difficulty,5354,5666,5851,6647,7048,7119,6696,6389,5892,6144,6239,5892,6391,6428,5970,5721,5167,5307,5448,4645,5925,4693,4638,4820,4623,6069,4397,4892,5302,4764,5778,4668,4674,5008,3834,5738,3890,3883,4337,4143,4506,3283,4234,3556,3023,3966,3178,2992,3204,2737,3222,2537,2486,2896,2282,2882,2186,1979,2059,1821,2297,1628,1534,1346,1114,1485,956,826,643,481,756,383,422,405,404,580,315,275,272,149,254,158,147,152,115,117,76,47,43,36,108,292643,Mawlamyinegyun,MMR017018
 Yes - some difficulty,112,132,98,90,67,37,43,32,38,39,35,35,49,45,30,30,40,29,43,26,52,35,39,45,33,72,58,60,85,66,85,71,92,94,65,148,93,114,123,117,169,119,210,181,148,223,225,205,235,244,294,250,307,376,280,418,343,298,307,350,446,346,339,305,287,451,290,241,215,173,276,161,191,229,203,341,188,131,200,118,195,120,138,111,98,103,49,43,33,39,87,13926,Mawlamyinegyun,MMR017018
 Yes - a lot of difficulty,120,83,32,24,16,18,16,25,18,24,17,11,13,24,13,13,24,16,22,15,14,6,6,22,11,16,17,9,16,12,22,9,19,22,16,19,15,22,24,20,27,22,22,27,36,36,24,30,38,32,57,32,48,55,48,52,57,46,54,59,88,70,63,58,52,81,49,62,62,37,65,31,55,54,55,84,59,39,61,39,57,44,48,43,52,37,31,16,24,15,68,3262,Mawlamyinegyun,MMR017018
 Yes - cannot walk at all,150,33,13,16,21,10,12,16,17,14,14,8,11,11,6,8,8,14,11,6,7,4,5,3,9,12,3,5,6,3,13,5,4,9,8,12,5,4,9,5,6,7,9,11,8,15,11,16,8,18,20,8,12,15,16,21,20,19,26,8,32,13,24,22,25,34,20,16,17,27,21,29,19,18,16,35,25,20,26,18,30,10,24,28,17,26,26,18,16,11,42,1509,Mawlamyinegyun,MMR017018
 Total,5736,5914,5994,6777,7152,7184,6767,6462,5965,6221,6305,5946,6464,6508,6019,5772,5239,5366,5524,4692,5998,4738,4688,4890,4676,6169,4475,4966,5409,4845,5898,4753,4789,5133,3923,5917,4003,4023,4493,4285,4708,3431,4475,3775,3215,4240,3438,3243,3485,3031,3593,2827,2853,3342,2626,3373,2606,2342,2446,2238,2863,2057,1960,1731,1478,2051,1315,1145,937,718,1118,604,687,706,678,1040,587,465,559,324,536,332,357,334,282,283,182,124,116,101,305,311340,Mawlamyinegyun,MMR017018
