Disability_walking,Age_Under_1,Age_1,Age_2,Age_3,Age_4,Age_5,Age_6,Age_7,Age_8,Age_9,Age_10,Age_11,Age_12,Age_13,Age_14,Age_15,Age_16,Age_17,Age_18,Age_19,Age_20,Age_21,Age_22,Age_23,Age_24,Age_25,Age_26,Age_27,Age_28,Age_29,Age_30,Age_31,Age_32,Age_33,Age_34,Age_35,Age_36,Age_37,Age_38,Age_39,Age_40,Age_41,Age_42,Age_43,Age_44,Age_45,Age_46,Age_47,Age_48,Age_49,Age_50,Age_51,Age_52,Age_53,Age_54,Age_55,Age_56,Age_57,Age_58,Age_59,Age_60,Age_61,Age_62,Age_63,Age_64,Age_65,Age_66,Age_67,Age_68,Age_69,Age_70,Age_71,Age_72,Age_73,Age_74,Age_75,Age_76,Age_77,Age_78,Age_79,Age_80,Age_81,Age_82,Age_83,Age_84,Age_85,Age_86,Age_87,Age_88,Age_89,Age_90_and_above,Age_Total,Township,MIMU_code
 No - no difficulty,3864,3913,4203,4471,4696,4535,4591,4842,4568,4746,4742,4725,5185,5687,5616,5157,4854,5244,5899,5194,6163,5090,4911,4683,4553,5399,4534,4593,5200,4669,6040,4381,4737,4263,3913,4665,3786,3644,4539,3668,4601,3141,4375,3847,3293,4110,3515,3375,3852,2989,3970,2913,3286,3209,2850,3282,2733,2303,2528,2080,2849,1672,1789,1437,1207,1563,997,1013,846,539,893,479,552,606,609,903,517,410,484,260,438,251,276,231,206,227,139,109,84,62,244,278307,Pathein,MMR017001
 Yes - some difficulty,94,110,72,34,29,20,22,22,17,15,15,16,18,23,23,24,17,14,18,18,24,18,18,17,19,21,21,23,36,25,38,29,38,39,36,41,36,44,37,37,59,46,69,58,52,80,60,75,99,81,117,83,98,128,122,144,132,134,146,136,210,99,162,123,123,154,103,132,110,75,154,71,103,116,103,207,128,98,132,75,164,68,80,85,63,81,49,33,45,15,98,6396,Pathein,MMR017001
 Yes - a lot of difficulty,100,34,11,15,15,7,9,15,8,9,8,6,10,10,6,5,11,5,8,9,8,11,9,4,1,9,9,4,6,6,8,7,8,8,3,12,14,5,10,7,14,7,14,14,7,12,15,11,22,21,28,9,29,22,17,32,22,24,30,26,34,28,31,16,21,30,19,19,21,11,31,20,17,25,15,43,27,18,35,12,40,29,23,28,24,26,13,12,16,7,58,1575,Pathein,MMR017001
 Yes - cannot walk at all,48,13,12,12,10,12,4,9,11,4,12,9,6,5,6,6,5,5,7,4,5,6,3,6,5,3,3,4,5,2,4,1,4,7,4,4,3,3,4,5,11,7,2,4,3,5,7,7,9,5,4,6,10,11,8,11,9,12,9,8,19,5,9,9,5,20,8,10,7,5,14,11,7,4,8,28,11,10,17,8,19,17,13,10,9,12,15,10,8,4,32,793,Pathein,MMR017001
 Total,4106,4070,4298,4532,4750,4574,4626,4888,4604,4774,4777,4756,5219,5725,5651,5192,4887,5268,5932,5225,6200,5125,4941,4710,4578,5432,4567,4624,5247,4702,6090,4418,4787,4317,3956,4722,3839,3696,4590,3717,4685,3201,4460,3923,3355,4207,3597,3468,3982,3096,4119,3011,3423,3370,2997,3469,2896,2473,2713,2250,3112,1804,1991,1585,1356,1767,1127,1174,984,630,1092,581,679,751,735,1181,683,536,668,355,661,365,392,354,302,346,216,164,153,88,432,287071,Pathein,MMR017001
