Disability_walking,Age_Under_1,Age_1,Age_2,Age_3,Age_4,Age_5,Age_6,Age_7,Age_8,Age_9,Age_10,Age_11,Age_12,Age_13,Age_14,Age_15,Age_16,Age_17,Age_18,Age_19,Age_20,Age_21,Age_22,Age_23,Age_24,Age_25,Age_26,Age_27,Age_28,Age_29,Age_30,Age_31,Age_32,Age_33,Age_34,Age_35,Age_36,Age_37,Age_38,Age_39,Age_40,Age_41,Age_42,Age_43,Age_44,Age_45,Age_46,Age_47,Age_48,Age_49,Age_50,Age_51,Age_52,Age_53,Age_54,Age_55,Age_56,Age_57,Age_58,Age_59,Age_60,Age_61,Age_62,Age_63,Age_64,Age_65,Age_66,Age_67,Age_68,Age_69,Age_70,Age_71,Age_72,Age_73,Age_74,Age_75,Age_76,Age_77,Age_78,Age_79,Age_80,Age_81,Age_82,Age_83,Age_84,Age_85,Age_86,Age_87,Age_88,Age_89,Age_90_and_above,Age_Total,Township,MIMU_code
 No - no difficulty,4720,4824,5224,5544,5940,6094,6362,6254,5786,5692,6327,5743,6259,6266,5653,5531,4932,4803,5002,4066,5271,3922,4054,4001,3876,5162,3896,4114,4722,4155,5370,4078,4321,4572,3691,5203,3789,3715,4278,3839,4461,3035,4172,3495,3177,4047,3356,3039,3485,2702,3610,2533,2698,2936,2489,3235,2509,2061,2240,1970,2698,1669,1684,1572,1449,1763,1151,1101,752,529,945,456,553,536,485,828,409,294,334,215,318,180,237,194,168,193,110,79,62,31,189,279485,Wakema,MMR017017
 Yes - some difficulty,81,79,85,53,30,28,26,17,12,18,21,19,23,24,16,16,14,17,21,16,19,11,27,16,19,28,29,28,21,22,25,32,28,18,33,47,34,30,48,48,69,42,63,66,66,83,100,79,111,92,144,117,121,155,136,193,160,129,165,153,236,144,168,159,171,206,168,156,122,95,192,84,112,134,135,202,100,101,127,80,134,65,81,91,67,97,53,42,42,22,76,7085,Wakema,MMR017017
 Yes - a lot of difficulty,68,36,15,21,14,8,10,9,14,6,3,9,6,9,3,6,6,5,6,10,11,4,6,7,2,4,9,6,6,5,6,4,6,6,5,11,8,2,9,10,14,6,6,13,8,17,21,15,12,10,18,21,22,25,20,25,31,12,35,19,34,27,30,15,28,36,29,27,22,21,22,22,25,20,23,58,20,21,32,20,45,26,30,30,29,42,20,14,5,16,56,1586,Wakema,MMR017017
 Yes - cannot walk at all,60,12,9,10,8,6,8,12,15,9,10,4,4,5,7,5,4,5,9,4,5,4,8,7,1,5,5,4,5,4,2,5,1,5,4,8,2,10,3,2,9,7,6,3,3,5,5,4,9,4,10,7,11,8,9,8,14,5,10,10,27,9,18,10,14,25,13,15,10,6,21,5,14,16,16,23,15,13,23,12,32,10,15,19,14,21,16,8,13,9,45,950,Wakema,MMR017017
 Total,4929,4951,5333,5628,5992,6136,6406,6292,5827,5725,6361,5775,6292,6304,5679,5558,4956,4830,5038,4096,5306,3941,4095,4031,3898,5199,3939,4152,4754,4186,5403,4119,4356,4601,3733,5269,3833,3757,4338,3899,4553,3090,4247,3577,3254,4152,3482,3137,3617,2808,3782,2678,2852,3124,2654,3461,2714,2207,2450,2152,2995,1849,1900,1756,1662,2030,1361,1299,906,651,1180,567,704,706,659,1111,544,429,516,327,529,281,363,334,278,353,199,143,122,78,366,289106,Wakema,MMR017017
