Disability_walking,Age_Under_1,Age_1,Age_2,Age_3,Age_4,Age_5,Age_6,Age_7,Age_8,Age_9,Age_10,Age_11,Age_12,Age_13,Age_14,Age_15,Age_16,Age_17,Age_18,Age_19,Age_20,Age_21,Age_22,Age_23,Age_24,Age_25,Age_26,Age_27,Age_28,Age_29,Age_30,Age_31,Age_32,Age_33,Age_34,Age_35,Age_36,Age_37,Age_38,Age_39,Age_40,Age_41,Age_42,Age_43,Age_44,Age_45,Age_46,Age_47,Age_48,Age_49,Age_50,Age_51,Age_52,Age_53,Age_54,Age_55,Age_56,Age_57,Age_58,Age_59,Age_60,Age_61,Age_62,Age_63,Age_64,Age_65,Age_66,Age_67,Age_68,Age_69,Age_70,Age_71,Age_72,Age_73,Age_74,Age_75,Age_76,Age_77,Age_78,Age_79,Age_80,Age_81,Age_82,Age_83,Age_84,Age_85,Age_86,Age_87,Age_88,Age_89,Age_90_and_above,Age_Total,Township,MIMU_code
 No - no difficulty,10423,10353,10914,11046,11556,10521,11078,11114,10663,10144,10474,10370,11205,12095,11954,11814,12552,14260,20028,17681,21614,17420,17985,17626,16426,17588,14977,14648,16118,13574,17071,11893,13012,12216,10345,12470,9607,8892,10627,8659,10207,6487,9161,8019,6602,8798,6621,6153,6932,5347,6920,4696,5594,5641,4965,5518,4778,3755,4095,3120,4681,2614,2797,2782,2254,2925,1693,1909,1437,836,1563,715,853,902,755,1253,752,500,664,300,570,284,301,293,221,296,187,133,105,96,337,681430,Hlinethaya,MMR013008
 Yes - some difficulty,55,49,28,25,16,22,27,19,16,19,26,19,25,22,30,26,15,22,24,17,21,20,17,24,20,26,27,26,26,19,39,26,33,36,35,37,24,36,29,37,40,27,52,41,53,64,45,42,61,43,68,65,87,83,70,97,89,71,79,80,123,71,67,94,79,106,74,77,68,52,88,53,46,54,68,110,71,34,64,24,71,25,51,51,42,58,42,23,24,20,75,4222,Hlinethaya,MMR013008
 Yes - a lot of difficulty,108,47,14,10,10,13,15,13,15,19,14,16,14,16,12,10,10,9,9,6,8,7,5,7,6,6,7,5,9,10,7,7,10,10,6,15,13,9,8,7,9,9,13,18,10,14,14,13,20,13,27,12,21,15,25,25,17,19,23,16,36,19,20,28,20,34,18,20,13,2,22,6,17,14,20,31,19,14,15,3,20,11,9,9,16,13,8,10,7,6,35,1390,Hlinethaya,MMR013008
 Yes - cannot walk at all,23,9,12,15,16,16,15,12,12,9,14,6,10,10,11,4,6,5,8,8,7,5,2,3,6,3,6,4,6,2,9,2,4,6,12,9,4,5,6,2,8,4,7,5,4,12,6,7,11,7,16,4,13,8,10,14,8,9,13,10,20,16,9,9,11,23,11,8,11,7,14,6,9,10,7,15,11,9,14,1,17,9,7,11,4,10,5,6,2,3,30,825,Hlinethaya,MMR013008
 Total,10609,10458,10968,11096,11598,10572,11135,11158,10706,10191,10528,10411,11254,12143,12007,11854,12583,14296,20069,17712,21650,17452,18009,17660,16458,17623,15017,14683,16159,13605,17126,11928,13059,12268,10398,12531,9648,8942,10670,8705,10264,6527,9233,8083,6669,8888,6686,6215,7024,5410,7031,4777,5715,5747,5070,5654,4892,3854,4210,3226,4860,2720,2893,2913,2364,3088,1796,2014,1529,897,1687,780,925,980,850,1409,853,557,757,328,678,329,368,364,283,377,242,172,138,125,477,687867,Hlinethaya,MMR013008
