Disability_walking,Age_Under_1,Age_1,Age_2,Age_3,Age_4,Age_5,Age_6,Age_7,Age_8,Age_9,Age_10,Age_11,Age_12,Age_13,Age_14,Age_15,Age_16,Age_17,Age_18,Age_19,Age_20,Age_21,Age_22,Age_23,Age_24,Age_25,Age_26,Age_27,Age_28,Age_29,Age_30,Age_31,Age_32,Age_33,Age_34,Age_35,Age_36,Age_37,Age_38,Age_39,Age_40,Age_41,Age_42,Age_43,Age_44,Age_45,Age_46,Age_47,Age_48,Age_49,Age_50,Age_51,Age_52,Age_53,Age_54,Age_55,Age_56,Age_57,Age_58,Age_59,Age_60,Age_61,Age_62,Age_63,Age_64,Age_65,Age_66,Age_67,Age_68,Age_69,Age_70,Age_71,Age_72,Age_73,Age_74,Age_75,Age_76,Age_77,Age_78,Age_79,Age_80,Age_81,Age_82,Age_83,Age_84,Age_85,Age_86,Age_87,Age_88,Age_89,Age_90_and_above,Age_Total,Township,MIMU_code
 No - no difficulty,4507,4562,4860,5081,5117,5555,5543,5265,4881,4869,5566,5140,5463,5411,5118,5052,4543,4448,5007,3840,5191,3919,4302,4137,3757,4931,3888,3970,4417,3655,5019,3995,4091,4142,3418,4612,3381,3503,3920,3209,3944,2841,3954,3025,2928,3596,2893,2741,3232,2511,3133,2504,2548,2630,2291,2833,2140,1882,2052,1700,2366,1488,1474,1573,1314,1613,1028,928,723,474,811,451,559,568,442,794,422,303,363,193,353,217,212,209,165,164,102,75,66,38,190,256341,Pantanaw,MMR017020
 Yes - some difficulty,118,109,71,41,24,18,26,20,30,15,11,26,20,17,21,14,21,17,20,14,15,17,15,17,15,17,20,15,26,18,20,26,24,22,18,25,28,20,31,21,56,25,44,41,48,68,60,41,89,78,91,74,90,109,93,138,139,112,100,102,172,115,144,150,140,181,125,118,89,63,188,74,108,110,119,197,88,88,112,86,113,73,71,81,80,84,59,33,29,21,83,5855,Pantanaw,MMR017020
 Yes - a lot of difficulty,131,61,22,24,20,17,13,8,3,6,14,6,6,3,12,5,1,7,10,7,8,5,3,6,11,3,3,4,2,7,6,7,8,6,4,15,12,4,9,6,5,5,14,10,4,14,9,5,6,6,12,13,14,18,15,20,19,13,17,13,22,15,25,23,28,30,22,16,20,17,33,12,28,26,20,52,21,24,33,21,37,20,31,31,21,25,17,9,9,9,54,1488,Pantanaw,MMR017020
 Yes - cannot walk at all,99,29,16,13,5,11,8,6,11,5,3,6,7,10,5,3,8,5,6,5,4,2,3,3,2,5,6,5,3,3,2,3,5,5,1,8,3,7,4,1,4,5,9,5,3,7,7,5,2,5,9,8,3,5,8,11,7,5,7,6,18,4,10,23,14,8,10,13,15,14,21,10,16,13,7,29,13,18,12,9,20,9,16,16,17,15,19,11,7,9,39,912,Pantanaw,MMR017020
 Total,4855,4761,4969,5159,5166,5601,5590,5299,4925,4895,5594,5178,5496,5441,5156,5074,4573,4477,5043,3866,5218,3943,4323,4163,3785,4956,3917,3994,4448,3683,5047,4031,4128,4175,3441,4660,3424,3534,3964,3237,4009,2876,4021,3081,2983,3685,2969,2792,3329,2600,3245,2599,2655,2762,2407,3002,2305,2012,2176,1821,2578,1622,1653,1769,1496,1832,1185,1075,847,568,1053,547,711,717,588,1072,544,433,520,309,523,319,330,337,283,288,197,128,111,77,366,264596,Pantanaw,MMR017020
